205
1
202 
20 
91 
86 
68 
12 
66 
192 
127 
183 
90 
116 
116 
183 
108 
180 
13 
10 
80 
28 
44 
85 
231 
64 
172 
135 
34 
164 
26 
216 
164 
248 
117 
104 
104 
231 
62 
64 
160 
1 
42 
190 
166 
1 
223 
88 
54 
232 
29 
209 
31 
125 
144 
104 
188 
172 
106 
140 
29 
211 
181 
174 
128 
225 
189 
49 
70 
142 
141 
89 
137 
241 
162 
50 
4 
175 
32 
0 
61 
144 
2 
211 
0 
233 
27 
60 
197 
21 
73 
180 
77 
100 
41 
250 
23 
144 
10 
190 
231 
95 
144 
250 
100 
109 
132 
132 
98 
60 
144 
38 
119 
207 
33 
89 
142 
238 
92 
40 
22 
138 
251 
46 
64 
210 
108 
125 
53 
165 
3 
79 
16 
77 
256 
63 
31 
38 
80 
173 
135 
250 
100 
157 
240 
106 
167 
244 
147 
24 
250 
138 
213 
147 
71 
144 
8 
152 
34 
50 
231 
215 
6 
208 
0 
106 
199 
35 
95 
221 
78 
233 
8 
89 
118 
27 
25 
213 
194 
198 
210 
253 
72 
246 
29 
56 
82 
150 
16 
211 
121 
82 
231 
77 
87 
11 
30 
49 
199 
97 
222 
206 
126 
228 
226 
120 
164 